S,29,3,26,29,3,26,4,352,16,5,0,0,2,0,216,656,0,0,21,55,21,56,2,0,2,0,39,0,0,0,0,0,1,2,2,1,0,4,A,24000425
S,29,3,26,29,3,26,4,737,16,4,0,0,2,0,239,335,0,0,21,56,21,57,2,0,2,0,69,0,0,0,0,0,1,2,2,1,0,120,A,24000425
S,29,3,26,29,3,26,4,309,16,4,0,0,2,0,221,557,0,0,21,57,22,1,2,0,2,0,62,0,0,0,0,0,1,2,2,1,0,126,A,24000425
S,19,4,26,19,4,26,4,832,16,4,0,0,2,0,148,658,0,0,17,33,17,36,2,0,2,0,46,0,0,0,0,0,1,2,1,1,0,6,A,24000425
S,19,4,26,19,4,26,4,224,16,4,0,0,2,0,141,629,0,0,17,38,17,38,2,0,2,0,47,0,0,0,0,0,1,2,1,1,0,128,A,24000425
S,20,4,26,20,4,26,4,404,16,4,0,0,57,0,164,265,0,0,3,34,10,59,2,0,2,0,28,0,4,6,22,0,1,2,1,1,44,125,A,24000425
S,29,4,26,29,4,26,4,674,16,4,0,0,2,0,185,383,0,0,17,39,17,41,2,0,2,0,22,0,0,0,0,0,1,2,1,1,0,9,A,24000425
S,29,4,26,29,4,26,4,570,16,4,0,0,2,0,187,302,0,0,17,43,17,43,2,0,2,0,30,0,0,0,0,0,1,2,1,1,0,16,A,24000425
S,30,4,26,30,4,26,4,688,16,4,0,0,2,0,239,860,0,0,3,15,8,33,2,0,2,0,35,0,0,0,15,0,1,2,1,1,31,125,A,24000425
S,12,3,25,12,3,25,4,742,20,6,0,0,2,0,145,860,0,0,14,34,14,35,5,1,2,0,67,0,0,0,0,0,1,3,1,1,0,126,A,24000425
S,13,3,25,13,3,25,4,947,20,6,0,0,2,0,194,873,0,0,0,39,0,43,5,1,2,0,29,0,0,0,0,0,1,3,1,1,0,120,A,24000425
S,27,3,25,27,3,25,4,533,20,6,0,0,2,0,183,462,0,0,13,59,13,59,5,1,2,0,49,0,0,0,0,0,1,3,1,1,0,196,A,24000425
S,27,3,25,27,3,25,4,673,20,6,0,0,2,0,175,930,0,0,13,59,13,59,5,1,2,0,65,0,0,0,0,0,1,3,1,1,0,120,A,24000425
S,27,3,25,27,3,25,4,274,20,6,0,0,2,0,200,941,0,0,14,0,14,0,5,1,2,0,26,0,0,0,0,0,1,3,1,1,0,123,A,24000425
S,27,3,25,27,3,25,4,596,20,6,0,0,2,0,222,385,0,0,16,5,16,5,5,1,2,0,30,0,0,0,0,0,1,3,1,1,0,120,A,24000425
S,31,5,25,31,5,25,4,447,20,6,0,0,2,0,164,331,0,0,14,43,14,43,5,1,2,0,28,0,0,0,0,0,1,3,1,3,0,120,A,24000425
S,31,5,25,31,5,25,4,528,20,6,0,0,2,0,180,645,0,0,14,45,14,46,5,1,2,0,65,0,0,0,0,0,1,3,1,3,0,123,A,24000425
S,27,10,25,27,10,25,4,533,20,4,0,0,2,0,183,462,0,0,13,33,13,33,5,1,1,0,49,0,0,0,0,0,1,3,1,1,0,196,A,24000425
S,27,10,25,27,10,25,4,919,20,4,0,0,2,0,137,624,0,0,13,33,13,33,5,1,1,0,66,0,0,0,0,0,1,3,1,1,0,127,A,24000425
S,27,10,25,27,10,25,4,209,20,4,0,0,2,0,127,468,0,0,13,34,13,34,5,1,1,0,23,0,0,0,0,0,1,3,1,1,0,120,A,24000425
S,27,10,25,27,10,25,4,533,20,4,0,0,2,0,183,462,0,0,13,37,13,37,5,1,1,0,49,0,0,0,0,0,1,3,1,1,0,196,A,24000425
S,27,10,25,27,10,25,4,706,20,4,0,0,2,0,214,280,0,0,13,39,13,40,5,1,2,0,40,0,0,0,0,0,1,3,1,1,0,120,A,24000425
S,27,10,25,27,10,25,4,713,20,4,0,0,2,0,213,543,0,0,13,42,13,44,5,1,2,0,62,0,0,0,0,0,1,3,1,1,0,129,A,24000425
S,27,10,25,27,10,25,4,779,20,4,0,0,2,0,231,208,0,0,13,44,13,52,5,1,2,0,47,0,0,0,0,0,1,3,1,1,0,126,A,24000425
S,27,10,25,28,10,25,4,486,20,4,0,0,12,0,234,895,0,0,23,12,5,5,5,1,2,0,47,0,0,1,17,0,1,3,1,1,35,123,A,24000425
S,29,10,25,29,10,25,4,533,20,4,0,0,2,0,183,462,0,0,0,20,0,20,5,1,2,0,49,0,0,0,0,0,1,3,1,1,0,196,A,24000425
S,29,10,25,29,10,25,4,503,20,4,0,0,2,0,158,518,0,0,0,20,3,2,5,1,2,0,20,0,0,0,8,0,1,3,1,1,16,129,A,24000425
S,30,10,25,30,10,25,4,475,20,4,0,0,2,0,225,520,0,0,0,4,4,35,5,1,2,0,67,0,0,0,13,0,1,3,1,1,27,122,A,24000425
S,31,10,25,31,10,25,4,367,20,4,0,0,2,0,186,372,0,0,1,48,4,52,5,1,2,0,39,0,0,0,9,0,1,3,1,1,18,122,A,24000425
S,31,10,25,31,10,25,4,873,20,4,0,0,2,0,129,983,0,0,4,55,4,55,5,1,2,0,37,0,0,0,9,0,1,3,1,1,18,124,A,24000425
S,1,11,25,1,11,25,4,502,20,4,0,0,2,0,197,567,0,0,0,0,1,40,5,1,2,0,56,0,0,0,5,0,1,3,1,1,10,126,A,24000425
S,1,11,25,2,11,25,4,675,20,4,0,0,2,0,168,693,0,0,23,44,1,47,5,1,2,0,24,0,0,0,6,0,1,3,1,1,12,120,A,24000425
S,3,11,25,3,11,25,4,533,20,4,0,0,2,0,183,462,0,0,0,6,0,6,5,1,2,0,49,0,0,0,0,0,1,3,1,1,0,196,A,24000425
S,3,11,25,3,11,25,4,554,20,4,0,0,2,0,138,858,0,0,0,6,3,53,5,1,2,0,62,0,0,0,11,0,1,3,1,1,22,128,A,24000425
S,3,11,25,3,11,25,4,533,20,4,0,0,2,0,183,462,0,0,4,5,4,5,5,1,2,0,49,0,0,0,0,0,1,3,1,1,0,196,A,24000425
S,3,11,25,4,11,25,4,247,20,4,0,0,2,0,185,306,0,0,23,41,3,35,5,1,2,0,35,0,0,0,11,0,1,3,1,1,23,126,A,24000425
S,4,11,25,4,11,25,4,635,20,4,0,0,2,0,183,547,0,0,3,35,3,36,5,1,2,0,25,0,0,0,0,0,1,3,1,1,0,123,A,24000425
S,4,11,25,5,11,25,4,290,20,4,0,0,2,0,137,384,0,0,23,58,4,58,5,1,2,0,64,0,0,0,14,0,1,3,1,1,29,129,A,24000425
S,5,11,25,5,11,25,4,533,20,4,0,0,2,0,183,462,0,0,6,13,6,13,5,1,2,0,49,0,0,0,0,0,1,3,1,1,0,196,A,24000425
S,5,11,25,5,11,25,4,780,20,4,0,0,2,0,223,349,0,0,23,45,23,46,5,1,2,0,62,0,0,0,0,0,1,3,1,1,0,128,A,24000425
S,5,11,25,6,11,25,4,440,20,4,0,0,2,0,131,422,0,0,23,46,0,8,5,1,2,0,25,0,0,0,1,0,1,3,1,1,2,123,A,24000425
S,6,11,25,6,11,25,4,485,20,4,0,0,2,0,207,909,0,0,0,10,4,24,5,1,2,0,64,0,0,0,12,0,1,3,1,1,25,128,A,24000425
S,6,11,25,7,11,25,4,415,20,4,0,0,7,0,137,361,0,0,23,34,4,41,5,1,2,0,30,0,0,0,15,0,1,3,1,1,30,126,A,24000425
S,7,11,25,8,11,25,4,704,20,4,0,0,2,0,161,297,0,0,23,52,5,10,5,1,2,0,40,0,0,0,15,0,1,3,1,1,31,120,A,24000425
S,9,11,25,9,11,25,4,750,20,4,0,0,2,0,171,234,0,0,0,36,4,59,5,1,2,0,46,0,0,0,13,0,1,3,1,1,26,127,A,24000425
S,9,11,25,10,11,25,4,642,20,4,0,0,2,0,122,786,0,0,23,1,1,50,5,1,2,0,35,0,0,0,8,0,1,3,1,1,16,129,A,24000425
S,11,11,25,11,11,25,4,816,20,4,0,0,2,0,151,807,0,0,0,25,4,25,5,1,2,0,33,0,0,0,11,0,1,3,1,1,23,128,A,24000425
S,11,11,25,12,11,25,4,259,20,4,0,0,2,0,152,693,0,0,23,23,3,53,5,1,2,0,64,0,0,0,13,0,1,3,1,1,27,128,A,24000425
S,12,11,25,12,11,25,4,533,20,4,0,0,2,0,183,462,0,0,4,39,4,39,5,1,2,0,49,0,0,0,0,0,1,3,1,1,0,196,A,24000425
S,12,11,25,13,11,25,4,988,20,4,0,0,2,0,177,831,0,0,23,56,5,6,5,1,2,0,47,0,0,0,15,0,1,3,1,1,31,129,A,24000425
S,13,11,25,14,11,25,4,838,20,4,0,0,2,0,229,572,0,0,23,48,4,36,5,1,2,0,47,0,0,0,14,0,1,3,1,1,28,121,A,24000425
S,15,11,25,15,11,25,4,461,20,4,0,0,2,0,161,532,0,0,0,36,0,40,5,1,2,0,29,0,0,0,0,0,1,3,1,1,0,120,A,24000425
S,16,11,25,16,11,25,4,716,20,4,0,0,2,0,155,379,0,0,0,6,4,55,5,1,2,0,28,0,0,0,14,0,1,3,1,1,28,120,A,24000425
S,16,11,25,16,11,25,4,542,20,4,0,0,2,0,194,643,0,0,4,55,4,55,5,1,2,0,26,0,0,0,14,0,1,3,1,1,28,127,A,24000425
S,16,11,25,16,11,25,4,793,20,4,0,0,2,0,206,504,0,0,4,56,4,56,5,1,2,0,25,0,0,0,0,0,1,3,1,1,0,125,A,24000425
S,16,11,25,17,11,25,4,859,20,4,0,0,2,0,221,731,0,0,23,42,4,50,5,1,2,0,39,0,0,0,15,0,1,3,1,1,30,127,A,24000425
S,17,11,25,17,11,25,4,533,20,4,0,0,2,0,183,462,0,0,6,20,6,20,5,1,2,0,49,0,0,0,0,0,1,3,1,1,0,196,A,24000425
S,18,11,25,18,11,25,4,757,20,4,0,0,2,0,190,653,0,0,0,2,4,36,5,1,2,0,22,0,0,0,13,0,1,3,1,1,27,125,A,24000425
S,18,11,25,18,11,25,4,533,20,4,0,0,2,0,183,462,0,0,6,15,6,15,5,1,2,0,49,0,0,0,0,0,1,3,1,1,0,196,A,24000425
S,20,11,25,20,11,25,4,863,20,4,0,0,2,0,225,528,0,0,1,16,5,50,5,1,2,0,46,0,0,0,13,0,1,3,1,1,27,121,A,24000425
S,21,11,25,22,11,25,4,399,20,4,0,0,2,0,164,454,0,0,22,35,5,1,5,1,2,0,49,0,0,0,19,0,1,3,1,1,38,123,A,24000425
S,22,11,25,23,11,25,4,266,20,4,0,0,2,0,156,384,0,0,23,41,5,5,5,1,2,0,59,0,0,0,16,0,1,3,1,1,32,124,A,24000425
S,23,11,25,23,11,25,4,477,20,4,0,0,2,0,218,510,0,0,5,5,5,5,5,1,2,0,52,0,0,0,16,0,1,3,1,1,32,128,A,24000425
S,24,11,25,25,11,25,4,461,20,4,0,0,2,0,130,848,0,0,23,38,4,23,5,1,2,0,28,0,0,0,14,0,1,3,1,1,28,122,A,24000425
S,25,11,25,26,11,25,4,820,20,4,0,0,2,0,166,512,0,0,23,36,3,8,5,1,2,0,37,0,0,0,10,0,1,3,1,1,21,122,A,24000425
S,26,11,25,27,11,25,4,784,20,4,0,0,2,0,170,867,0,0,23,56,4,1,5,1,2,0,20,0,0,0,12,0,1,3,1,1,24,121,A,24000425
S,27,11,25,27,11,25,4,533,20,4,0,0,2,0,183,462,0,0,4,2,4,2,5,1,2,0,49,0,0,0,0,0,1,3,1,1,0,196,A,24000425
S,28,11,25,28,11,25,4,813,20,4,0,0,2,0,128,537,0,0,0,9,4,39,5,1,2,0,68,0,0,0,13,0,1,3,1,1,26,128,A,24000425
S,29,11,25,29,11,25,4,504,20,4,0,0,2,0,136,350,0,0,0,16,0,17,5,1,2,0,55,0,0,0,0,0,1,3,1,1,0,122,A,24000425
S,29,11,25,29,11,25,4,874,20,4,0,0,2,0,143,912,0,0,0,17,4,47,5,1,2,0,39,0,0,0,13,0,1,3,1,1,27,129,A,24000425
S,30,11,25,1,12,25,4,326,20,4,0,0,2,0,183,253,0,0,23,28,3,48,5,1,2,0,45,0,0,0,13,0,1,3,1,1,26,125,A,24000425
S,2,12,25,3,12,25,4,229,20,4,0,0,2,0,130,493,0,0,23,30,3,4,5,1,2,0,51,0,0,0,10,0,1,3,1,1,21,123,A,24000425
S,3,12,25,3,12,25,4,449,20,4,0,0,2,0,158,875,0,0,5,12,5,12,5,1,2,0,56,0,0,0,10,0,1,3,1,1,21,128,A,24000425
S,3,12,25,4,12,25,4,489,20,4,0,0,2,0,143,878,0,0,23,2,3,42,5,1,2,0,40,0,0,0,14,0,1,3,1,1,28,129,A,24000425
S,5,12,25,5,12,25,4,761,20,4,0,0,2,0,162,754,0,0,0,28,0,31,5,1,2,0,32,0,0,0,0,0,1,3,1,1,0,128,A,24000425
S,5,12,25,5,12,25,4,319,20,4,0,0,2,0,226,558,0,0,0,36,2,51,5,1,2,0,50,0,0,0,6,0,1,3,1,1,13,128,A,24000425
S,6,12,25,7,12,25,4,949,20,4,0,0,2,0,224,465,0,0,23,15,5,1,5,1,2,0,29,0,0,0,17,0,1,3,1,1,34,120,A,24000425
S,7,12,25,8,12,25,4,565,20,4,0,0,2,0,134,969,0,0,23,52,4,47,5,1,2,0,35,0,0,0,14,0,1,3,1,1,29,120,A,24000425
S,8,12,25,9,12,25,4,933,20,4,0,0,2,0,177,336,0,0,23,0,4,34,5,1,2,0,66,0,0,0,16,0,1,3,1,1,33,126,A,24000425
S,9,12,25,10,12,25,4,836,20,4,0,0,2,0,202,865,0,0,23,45,0,12,5,1,2,0,28,0,0,0,1,0,1,3,1,1,2,123,A,24000425
S,10,12,25,10,12,25,4,549,20,4,0,0,2,0,196,471,0,0,0,12,0,12,5,1,2,0,64,0,0,0,1,0,1,3,1,1,2,129,A,24000425
S,10,12,25,10,12,25,4,727,20,4,0,0,7,0,121,929,0,0,0,13,0,45,5,1,2,0,54,0,0,0,1,0,1,3,1,1,3,121,A,24000425
S,10,12,25,10,12,25,4,902,20,4,0,0,12,0,124,922,0,0,0,50,5,17,5,1,2,0,42,0,0,1,13,0,1,3,1,1,26,123,A,24000425
S,10,12,25,11,12,25,4,420,20,4,0,0,2,0,129,713,0,0,23,36,1,53,5,1,2,0,65,0,0,0,6,0,1,3,1,1,13,126,A,24000425
S,11,12,25,11,12,25,4,772,20,4,0,0,2,0,236,352,0,0,1,54,4,39,5,1,2,0,65,0,0,0,8,0,1,3,1,1,16,125,A,24000425
S,11,12,25,12,12,25,4,913,20,4,0,0,2,0,154,481,0,0,23,3,2,55,5,1,2,0,23,0,0,0,11,0,1,3,1,1,23,129,A,24000425
S,12,12,25,13,12,25,4,560,20,4,0,0,2,0,182,355,0,0,23,45,4,23,5,1,2,0,47,0,0,0,13,0,1,3,1,1,27,121,A,24000425
S,13,12,25,13,12,25,4,433,20,4,0,0,2,0,146,201,0,0,4,23,4,23,5,1,2,0,61,0,0,0,13,0,1,3,1,1,27,125,A,24000425
S,13,12,25,14,12,25,4,998,20,4,0,0,7,0,233,545,0,0,23,38,2,24,5,1,2,0,23,0,0,0,8,0,1,3,1,1,16,120,A,24000425
S,14,12,25,15,12,25,4,234,20,4,0,0,7,0,221,520,0,0,23,25,4,48,5,1,2,0,20,0,0,0,16,0,1,3,1,1,32,121,A,24000425
S,15,12,25,16,12,25,4,354,20,4,0,0,6,0,200,507,0,0,23,24,4,48,5,1,2,0,52,0,0,0,16,0,1,3,1,1,32,125,A,24000425
S,16,12,25,17,12,25,4,644,20,4,0,0,6,0,231,481,0,0,23,38,4,57,5,1,2,0,45,0,0,0,15,0,1,3,1,1,31,121,A,24000425
S,17,12,25,17,12,25,4,710,20,4,0,0,2,0,169,887,0,0,23,12,23,12,5,1,2,0,38,0,0,0,0,0,1,3,1,1,0,127,A,24000425
S,18,12,25,18,12,25,4,252,20,4,0,0,2,0,186,268,0,0,0,26,4,24,5,1,2,0,41,0,0,0,11,0,1,3,1,1,23,128,A,24000425
S,18,12,25,19,12,25,4,346,20,4,0,0,12,0,132,693,0,0,23,1,3,32,5,1,2,0,63,0,0,1,13,0,1,3,1,1,27,124,A,24000425
S,19,12,25,20,12,25,4,581,20,4,0,0,2,0,203,218,0,0,23,48,5,4,5,1,2,0,45,0,0,0,15,0,1,3,1,1,31,124,A,24000425
S,23,12,25,23,12,25,4,591,20,4,0,0,6,0,200,773,0,0,0,3,0,22,5,1,2,0,26,0,0,0,0,0,1,3,1,1,1,128,A,24000425
S,23,12,25,23,12,25,4,894,20,4,0,0,7,0,165,945,0,0,0,58,5,11,5,1,2,0,69,0,0,0,12,0,1,3,1,1,25,124,A,24000425
S,24,12,25,24,12,25,4,309,20,4,0,0,10,0,239,427,0,0,0,18,4,50,5,1,2,0,34,0,0,0,13,0,1,3,1,1,27,127,A,24000425
S,25,12,25,25,12,25,4,787,20,4,0,0,2,0,172,406,0,0,0,7,4,30,5,1,2,0,50,0,0,0,13,0,1,3,1,1,26,126,A,24000425
S,25,12,25,25,12,25,4,402,20,4,0,0,2,0,187,764,0,0,22,43,22,51,5,1,2,0,42,0,0,0,0,0,1,3,1,1,0,121,A,24000425
S,25,12,25,26,12,25,4,481,20,4,0,0,2,0,169,599,0,0,23,15,5,8,5,1,2,0,29,0,0,0,17,0,1,3,1,1,35,124,A,24000425
S,27,12,25,27,12,25,4,270,20,4,0,0,3,0,229,224,0,0,0,12,5,50,5,1,2,0,29,0,0,0,16,0,1,3,1,1,33,126,A,24000425
S,27,12,25,28,12,25,4,265,20,4,0,0,6,0,223,354,0,0,23,39,5,27,5,1,2,0,65,0,0,0,17,0,1,3,1,1,34,123,A,24000425
S,30,12,25,30,12,25,4,574,20,4,0,0,2,0,125,426,0,0,0,17,3,11,5,1,2,0,60,0,0,0,8,0,1,3,1,1,17,125,A,24000425
S,30,12,25,30,12,25,4,546,20,4,0,0,2,0,147,710,0,0,23,44,23,44,5,1,2,0,29,0,0,0,0,0,1,3,1,1,0,121,A,24000425
S,30,12,25,31,12,25,4,881,20,4,0,0,11,0,170,451,0,0,23,45,4,49,5,1,2,0,60,0,0,0,15,0,1,3,1,1,30,126,A,24000425
S,31,12,25,1,1,26,4,477,20,4,0,0,2,0,217,813,0,0,23,41,5,24,5,1,2,0,38,0,0,0,17,0,1,3,1,1,34,126,A,24000425
S,1,1,26,2,1,26,4,935,20,4,0,0,2,0,219,403,0,0,23,48,4,22,5,1,2,0,50,0,0,0,13,0,1,3,1,1,27,129,A,24000425
S,2,1,26,3,1,26,4,504,20,4,0,0,2,0,163,696,0,0,23,50,3,29,5,1,2,0,21,0,0,0,10,0,1,3,1,1,21,124,A,24000425
S,3,1,26,4,1,26,4,382,20,4,0,0,7,0,178,756,0,0,23,29,0,44,5,1,2,0,62,0,0,0,3,0,1,3,1,1,7,126,A,24000425
S,4,1,26,5,1,26,4,317,20,4,0,0,2,0,192,930,0,0,23,41,1,6,5,1,2,0,25,0,0,0,4,0,1,3,1,1,8,124,A,24000425
S,5,1,26,6,1,26,4,439,20,4,0,0,7,0,178,317,0,0,23,26,2,2,5,1,2,0,34,0,0,0,7,0,1,3,1,1,15,127,A,24000425
S,6,1,26,6,1,26,4,533,20,4,0,0,2,0,183,462,0,0,23,25,23,25,5,1,2,0,49,0,0,0,0,0,1,3,1,1,0,196,A,24000425
S,6,1,26,7,1,26,4,644,20,4,0,0,7,0,145,768,0,0,23,26,4,27,5,1,2,0,42,0,0,0,15,0,1,3,1,1,30,124,A,24000425
S,7,1,26,7,1,26,4,533,20,4,0,0,2,0,183,462,0,0,4,28,4,28,5,1,2,0,49,0,0,0,0,0,1,3,1,1,0,196,A,24000425
S,7,1,26,8,1,26,4,794,20,4,0,0,2,0,237,870,0,0,23,40,4,43,5,1,2,0,48,0,0,0,15,0,1,3,1,1,30,127,A,24000425
S,8,1,26,9,1,26,4,262,20,4,0,0,2,0,154,736,0,0,23,32,3,26,5,1,2,0,52,0,0,0,11,0,1,3,1,1,23,122,A,24000425
S,9,1,26,10,1,26,4,870,20,4,0,0,2,0,139,224,0,0,23,41,0,1,5,1,2,0,27,0,0,0,0,0,1,3,1,1,1,128,A,24000425
S,10,1,26,11,1,26,4,433,20,4,0,0,7,0,168,810,0,0,23,35,3,0,5,1,2,0,21,0,0,0,10,0,1,3,1,1,20,124,A,24000425
S,12,1,26,12,1,26,4,621,20,4,0,0,7,0,149,720,0,0,0,3,4,18,5,1,2,0,47,0,0,0,12,0,1,3,1,1,25,124,A,24000425
S,12,1,26,12,1,26,4,533,20,4,0,0,2,0,183,462,0,0,23,8,23,8,5,1,2,0,49,0,0,0,0,0,1,3,1,1,0,196,A,24000425
S,12,1,26,13,1,26,4,675,20,4,0,0,12,0,213,535,0,0,23,9,4,49,5,1,2,0,47,0,0,1,17,0,1,3,1,1,34,128,A,24000425
S,14,1,26,14,1,26,4,406,20,4,0,0,2,0,172,977,0,0,1,27,3,7,5,1,2,0,29,0,0,0,4,0,1,3,1,1,9,120,A,24000425
S,15,1,26,15,1,26,4,788,20,4,0,0,7,0,173,343,0,0,0,18,2,10,5,1,2,0,53,0,0,0,5,0,1,3,1,1,11,126,A,24000425
S,15,1,26,15,1,26,4,386,20,4,0,0,2,0,149,901,0,0,23,11,23,29,5,1,2,0,28,0,0,0,0,0,1,3,1,1,1,121,A,24000425
S,15,1,26,16,1,26,4,474,20,4,0,0,7,0,179,458,0,0,23,31,3,56,5,1,2,0,63,0,0,0,13,0,1,3,1,1,26,125,A,24000425
S,20,1,26,20,1,26,4,757,20,4,0,0,27,0,210,709,0,0,0,4,3,38,5,1,2,0,47,0,1,3,10,0,1,3,1,1,21,120,A,24000425
S,21,1,26,21,1,26,4,398,20,4,0,0,2,0,238,247,0,0,0,5,3,33,5,1,2,0,44,0,0,0,10,0,1,3,1,1,20,127,A,24000425
S,21,1,26,22,1,26,4,565,20,4,0,0,2,0,207,886,0,0,23,31,1,41,5,1,2,0,25,0,0,0,6,0,1,3,1,1,12,127,A,24000425
S,22,1,26,22,1,26,4,638,20,4,0,0,7,0,130,667,0,0,1,41,3,50,5,1,2,0,27,0,0,0,6,0,1,3,1,1,12,120,A,24000425
S,22,1,26,23,1,26,4,223,20,4,0,0,2,0,132,845,0,0,23,56,0,38,5,1,2,0,39,0,0,0,2,0,1,3,1,1,4,120,A,24000425
S,23,1,26,24,1,26,4,393,20,4,0,0,2,0,185,690,0,0,23,40,4,26,5,1,2,0,21,0,0,0,14,0,1,3,1,1,28,126,A,24000425
S,24,1,26,24,1,26,4,800,20,4,0,0,2,0,236,742,0,0,4,28,4,28,5,1,2,0,55,0,0,0,0,0,1,3,1,1,0,120,A,24000425
S,24,1,26,25,1,26,4,233,20,4,0,0,2,0,223,742,0,0,23,49,5,41,5,1,2,0,41,0,0,0,17,0,1,3,1,1,35,128,A,24000425
S,26,1,26,26,1,26,4,250,20,4,0,0,2,0,163,567,0,0,0,24,2,56,5,1,2,0,62,0,0,0,7,0,1,3,1,1,15,120,A,24000425
S,27,1,26,27,1,26,4,812,20,4,0,0,7,0,167,428,0,0,0,4,1,2,5,1,2,0,66,0,0,0,2,0,1,3,1,1,5,122,A,24000425
S,28,1,26,28,1,26,4,533,20,4,0,0,2,0,183,462,0,0,0,37,0,37,5,1,2,0,49,0,0,0,0,0,1,3,1,1,0,196,A,24000425
S,28,1,26,28,1,26,4,950,20,4,0,0,2,0,129,640,0,0,0,37,3,44,5,1,2,0,68,0,0,0,9,0,1,3,1,1,18,126,A,24000425
S,29,1,26,29,1,26,4,514,20,4,0,0,2,0,222,655,0,0,0,24,2,12,5,1,2,0,27,0,0,0,5,0,1,3,1,1,10,126,A,24000425
S,29,1,26,29,1,26,4,533,20,4,0,0,2,0,183,462,0,0,23,15,23,15,5,1,2,0,49,0,0,0,0,0,1,3,1,1,0,196,A,24000425
S,29,1,26,30,1,26,4,955,20,4,0,0,2,0,204,388,0,0,23,52,5,16,5,1,2,0,66,0,0,0,16,0,1,3,1,1,32,125,A,24000425
S,30,1,26,31,1,26,4,510,20,4,0,0,12,0,215,748,0,0,23,54,3,36,5,1,2,0,20,0,0,1,11,0,1,3,1,1,22,129,A,24000425
S,31,1,26,31,1,26,4,533,20,4,0,0,2,0,183,462,0,0,23,24,23,24,5,1,2,0,49,0,0,0,0,0,1,3,1,1,0,196,A,24000425
S,31,1,26,1,2,26,4,269,20,4,0,0,6,0,155,492,0,0,23,24,5,23,5,1,2,0,65,0,0,0,17,0,1,3,1,1,35,121,A,24000425
S,3,2,26,3,2,26,4,348,20,4,0,0,17,0,120,752,0,0,0,18,5,28,5,1,2,0,23,0,1,1,15,0,1,3,1,1,31,129,A,24000425
S,3,2,26,4,2,26,4,990,20,4,0,0,2,0,142,231,0,0,23,48,3,8,5,1,2,0,67,0,0,0,9,0,1,3,1,1,19,128,A,24000425
S,5,2,26,5,2,26,4,617,20,4,0,0,7,0,151,731,0,0,0,2,5,50,5,1,2,0,30,0,0,0,17,0,1,3,1,1,34,126,A,24000425
S,5,2,26,6,2,26,4,785,20,4,0,0,2,0,182,845,0,0,23,24,5,48,5,1,2,0,56,0,0,0,19,0,1,3,1,1,38,127,A,24000425
S,6,2,26,6,2,26,4,533,20,4,0,0,2,0,183,462,0,0,23,33,23,33,5,1,2,0,49,0,0,0,0,0,1,3,1,1,0,196,A,24000425
S,6,2,26,7,2,26,4,263,20,4,0,0,12,0,197,739,0,0,23,33,5,39,5,1,2,0,62,0,0,1,18,0,1,3,1,1,36,128,A,24000425
S,7,2,26,7,2,26,4,533,20,4,0,0,2,0,183,462,0,0,23,4,23,4,5,1,2,0,49,0,0,0,0,0,1,3,1,1,0,196,A,24000425
S,7,2,26,8,2,26,4,980,20,4,0,0,17,0,151,964,0,0,23,4,5,50,5,1,2,0,33,0,1,1,20,0,1,3,1,1,40,121,A,24000425
S,8,2,26,8,2,26,4,914,20,4,0,0,2,0,201,489,0,0,5,51,5,51,5,1,2,0,57,0,0,0,20,0,1,3,1,1,40,124,A,24000425
S,8,2,26,9,2,26,4,749,20,4,0,0,12,0,149,331,0,0,23,43,4,56,5,1,2,0,29,0,0,1,15,0,1,3,1,1,31,129,A,24000425
S,9,2,26,9,2,26,4,533,20,4,0,0,2,0,183,462,0,0,23,16,23,16,5,1,2,0,49,0,0,0,0,0,1,3,1,1,0,196,A,24000425
S,9,2,26,9,2,26,4,352,20,4,0,0,2,0,216,656,0,0,23,16,23,16,5,1,2,0,39,0,0,0,0,0,1,3,1,1,0,8,A,24000425
S,9,2,26,10,2,26,4,420,20,4,0,0,12,0,211,517,0,0,23,16,6,0,5,1,2,0,26,0,0,1,20,0,1,3,1,1,40,124,A,24000425
S,10,2,26,11,2,26,4,571,20,4,0,0,2,0,170,226,0,0,23,45,5,17,5,1,2,0,59,0,0,0,16,0,1,3,1,1,33,128,A,24000425
S,12,2,26,12,2,26,4,361,20,4,0,0,2,0,170,981,0,0,1,1,4,32,5,1,2,0,31,0,0,0,10,0,1,3,1,1,21,122,A,24000425
S,13,2,26,13,2,26,4,672,20,4,0,0,6,0,194,269,0,0,0,18,3,7,5,1,2,0,26,0,0,0,8,0,1,3,1,1,16,127,A,24000425
S,14,2,26,14,2,26,4,563,20,4,0,0,2,0,237,873,0,0,0,45,3,35,5,1,2,0,32,0,0,0,8,0,1,3,1,1,17,129,A,24000425
S,14,2,26,15,2,26,4,866,20,4,0,0,2,0,133,717,0,0,23,40,5,2,5,1,2,0,60,0,0,0,16,0,1,3,1,1,32,124,A,24000425
S,16,2,26,16,2,26,4,224,20,4,0,0,2,0,120,779,0,0,0,49,4,36,5,1,2,0,30,0,0,0,11,0,1,3,1,1,22,129,A,24000425
S,16,2,26,17,2,26,4,813,20,4,0,0,2,0,192,302,0,0,23,55,3,1,5,1,2,0,40,0,0,0,9,0,1,3,1,1,18,123,A,24000425
S,18,2,26,18,2,26,4,739,20,4,0,0,2,0,153,522,0,0,0,14,2,41,5,1,2,0,59,0,0,0,7,0,1,3,1,1,14,122,A,24000425
S,18,2,26,18,2,26,4,533,20,4,0,0,2,0,183,462,0,0,23,51,23,51,5,1,2,0,49,0,0,0,0,0,1,3,1,1,0,196,A,24000425
S,18,2,26,19,2,26,4,610,20,4,0,0,2,0,231,510,0,0,23,52,5,57,5,1,2,0,59,0,0,0,18,0,1,3,1,1,36,126,A,24000425
S,19,2,26,19,2,26,4,533,20,4,0,0,2,0,183,462,0,0,7,20,7,20,5,1,2,0,49,0,0,0,0,0,1,3,1,1,0,196,A,24000425
S,19,2,26,20,2,26,4,865,20,4,0,0,2,0,141,598,0,0,23,44,5,59,5,1,2,0,48,0,0,0,18,0,1,3,1,1,37,128,A,24000425
S,20,2,26,21,2,26,4,454,20,4,0,0,12,0,122,889,0,0,23,44,5,51,5,1,2,0,68,0,0,1,18,0,1,3,1,1,36,128,A,24000425
S,21,2,26,21,2,26,4,533,20,4,0,0,2,0,183,462,0,0,23,17,23,17,5,1,2,0,49,0,0,0,0,0,1,3,1,1,0,196,A,24000425
S,21,2,26,21,2,26,4,352,20,4,0,0,2,0,216,656,0,0,23,17,23,17,5,1,2,0,39,0,0,0,0,0,1,3,1,1,0,4,A,24000425
S,21,2,26,21,2,26,4,708,20,4,0,0,2,0,233,930,0,0,23,18,23,18,5,1,2,0,36,0,0,0,0,0,1,3,1,1,0,5,A,24000425
S,21,2,26,21,2,26,4,533,20,4,0,0,2,0,183,462,0,0,23,18,23,18,5,1,2,0,49,0,0,0,0,0,1,3,1,1,0,196,A,24000425
S,21,2,26,21,2,26,4,533,20,4,0,0,2,0,183,462,0,0,23,19,23,19,5,1,2,0,49,0,0,0,0,0,1,3,1,1,0,196,A,24000425
S,21,2,26,21,2,26,4,352,20,4,0,0,2,0,216,656,0,0,23,19,23,19,5,1,2,0,39,0,0,0,0,0,1,3,1,1,0,6,A,24000425
S,21,2,26,21,2,26,4,711,20,4,0,0,2,0,191,243,0,0,23,19,23,19,5,1,2,0,25,0,0,0,0,0,1,3,1,1,0,6,A,24000425
S,21,2,26,21,2,26,4,708,20,4,0,0,2,0,233,930,0,0,23,20,23,20,5,1,2,0,36,0,0,0,0,0,1,3,1,1,0,6,A,24000425
S,21,2,26,22,2,26,4,638,20,4,0,0,2,0,126,866,0,0,23,20,4,28,5,1,2,0,39,0,0,0,15,0,1,3,1,1,30,121,A,24000425
S,23,2,26,23,2,26,4,936,20,4,0,0,11,0,204,675,0,0,0,4,6,32,5,1,2,0,56,0,0,0,19,0,1,3,1,1,38,122,A,24000425
S,23,2,26,24,2,26,4,934,20,4,0,0,7,0,152,437,0,0,23,46,6,29,5,1,2,0,54,0,0,0,20,0,1,3,1,1,40,122,A,24000425
S,24,2,26,24,2,26,4,533,20,4,0,0,2,0,183,462,0,0,23,21,23,21,5,1,2,0,49,0,0,0,0,0,1,3,1,1,0,196,A,24000425
S,24,2,26,25,2,26,4,639,20,4,0,0,2,0,130,899,0,0,23,21,7,9,5,1,2,0,55,0,0,0,23,0,1,3,1,1,46,121,A,24000425
S,25,2,26,26,2,26,4,619,20,4,0,0,6,0,174,326,0,0,23,14,4,10,5,1,2,0,58,0,0,0,14,0,1,3,1,1,29,120,A,24000425
S,27,2,26,27,2,26,4,616,20,4,0,0,12,0,216,657,0,0,0,0,2,34,5,1,2,0,62,0,0,1,7,0,1,3,1,1,15,122,A,24000425
S,27,2,26,27,2,26,4,352,20,4,0,0,2,0,216,656,0,0,23,11,23,11,5,1,2,0,39,0,0,0,0,0,1,3,1,1,0,5,A,24000425
S,27,2,26,27,2,26,4,711,20,4,0,0,2,0,191,243,0,0,23,11,23,11,5,1,2,0,25,0,0,0,0,0,1,3,1,1,0,6,A,24000425
S,27,2,26,27,2,26,4,572,20,4,0,0,2,0,188,780,0,0,23,11,23,12,5,1,2,0,43,0,0,0,0,0,1,3,1,1,0,6,A,24000425
S,27,2,26,28,2,26,4,833,20,4,0,0,2,0,179,303,0,0,23,12,1,46,5,1,2,0,46,0,0,0,7,0,1,3,1,1,15,128,A,24000425
S,28,2,26,1,3,26,4,898,20,4,0,0,2,0,215,478,0,0,23,50,1,56,5,1,2,0,35,0,0,0,6,0,1,3,1,1,12,129,A,24000425
S,1,3,26,2,3,26,4,600,20,4,0,0,12,0,186,293,0,0,23,11,2,22,5,1,2,0,52,0,0,1,9,0,1,3,1,1,19,124,A,24000425
S,3,3,26,3,3,26,4,533,20,4,0,0,2,0,183,462,0,0,0,5,0,5,5,1,2,0,49,0,0,0,0,0,1,3,1,1,0,196,A,24000425
S,3,3,26,3,3,26,4,711,20,4,0,0,2,0,191,243,0,0,0,5,0,6,5,1,2,0,25,0,0,0,0,0,1,3,1,1,0,15,A,24000425
S,3,3,26,3,3,26,4,572,20,4,0,0,2,0,188,780,0,0,0,6,0,7,5,1,2,0,43,0,0,0,0,0,1,3,1,1,0,5,A,24000425
S,3,3,26,3,3,26,4,315,20,4,0,0,7,0,164,626,0,0,0,7,2,52,5,1,2,0,22,0,0,0,8,0,1,3,1,1,16,121,A,24000425
S,4,3,26,4,3,26,4,352,20,4,0,0,2,0,216,656,0,0,0,0,0,0,5,1,2,0,39,0,0,0,0,0,1,3,1,1,0,6,A,24000425
S,4,3,26,4,3,26,4,533,20,4,0,0,2,0,183,462,0,0,0,0,0,0,5,1,2,0,49,0,0,0,0,0,1,3,1,1,0,196,A,24000425
S,4,3,26,4,3,26,4,892,20,4,0,0,27,0,216,972,0,0,0,0,2,1,5,1,2,0,20,0,1,3,6,0,1,3,1,1,12,123,A,24000425
S,4,3,26,4,3,26,4,510,20,4,0,0,2,0,156,876,0,0,23,32,23,36,5,1,2,0,51,0,0,0,0,0,1,3,1,1,0,4,A,24000425
S,4,3,26,4,3,26,4,533,20,4,0,0,2,0,183,462,0,0,23,36,23,36,5,1,2,0,49,0,0,0,0,0,1,3,1,1,0,196,A,24000425
S,4,3,26,5,3,26,4,279,20,4,0,0,22,0,159,337,0,0,23,36,0,28,5,1,2,0,69,0,1,2,2,0,1,3,1,1,5,129,A,24000425
S,6,3,26,6,3,26,4,830,20,4,0,0,7,0,224,261,0,0,0,6,1,24,5,1,2,0,50,0,0,0,3,0,1,3,1,1,7,121,A,24000425
S,6,3,26,6,3,26,4,533,20,4,0,0,2,0,183,462,0,0,23,51,23,51,5,1,2,0,49,0,0,0,0,0,1,3,1,1,0,196,A,24000425
S,6,3,26,6,3,26,4,711,20,4,0,0,2,0,191,243,0,0,23,52,23,52,5,1,2,0,25,0,0,0,0,0,1,3,1,1,0,6,A,24000425
S,6,3,26,6,3,26,4,708,20,4,0,0,2,0,233,930,0,0,23,52,23,52,5,1,2,0,36,0,0,0,0,0,1,3,1,1,0,6,A,24000425
S,6,3,26,6,3,26,4,572,20,4,0,0,2,0,188,780,0,0,23,52,23,53,5,1,2,0,43,0,0,0,0,0,1,3,1,1,0,7,A,24000425
S,6,3,26,6,3,26,4,349,20,4,0,0,2,0,192,364,0,0,23,53,23,53,5,1,2,0,39,0,0,0,0,0,1,3,1,1,0,0,A,24000425
S,6,3,26,6,3,26,4,352,20,4,0,0,2,0,216,656,0,0,23,53,23,54,5,1,2,0,39,0,0,0,0,0,1,3,1,1,0,4,A,24000425
S,6,3,26,7,3,26,4,681,20,4,0,0,12,0,124,210,0,0,23,54,6,30,5,1,2,0,48,0,0,1,19,0,1,3,1,1,39,124,A,24000425
S,7,3,26,8,3,26,4,609,20,4,0,0,12,0,189,373,0,0,23,27,5,30,5,1,2,0,49,0,0,1,18,0,1,3,1,1,36,127,A,24000425
S,9,3,26,9,3,26,4,839,20,4,0,0,2,0,222,238,0,0,0,48,5,36,5,1,2,0,43,0,0,0,14,0,1,3,1,1,28,127,A,24000425
S,9,3,26,9,3,26,4,335,20,4,0,0,7,0,221,202,0,0,23,4,23,39,5,1,2,0,55,0,0,0,1,0,1,3,1,1,3,121,A,24000425
S,13,3,26,13,3,26,4,352,20,4,0,0,2,0,216,656,0,0,14,45,14,45,5,1,2,0,39,0,0,0,0,0,1,3,1,1,0,5,A,24000425
S,13,3,26,13,3,26,4,708,20,4,0,0,2,0,233,930,0,0,14,46,14,47,5,0,2,0,36,0,0,0,0,0,2,3,1,1,0,8,A,24000425
S,13,3,26,13,3,26,4,407,20,4,0,0,2,0,177,255,0,0,21,41,21,42,5,0,2,0,57,0,0,0,0,0,2,3,1,1,0,120,A,24000425
S,13,3,26,13,3,26,4,698,20,4,0,0,2,0,170,634,0,0,21,43,21,43,5,0,2,0,63,0,0,0,0,0,2,3,1,1,0,123,A,24000425
S,13,3,26,13,3,26,4,200,20,4,0,0,2,0,184,449,0,0,21,44,22,1,5,0,2,0,56,0,0,0,0,0,2,3,1,1,1,121,A,24000425
S,13,3,26,13,3,26,4,924,20,4,0,0,2,0,131,558,0,0,22,1,22,1,5,0,2,0,56,0,0,0,0,0,2,3,1,1,0,127,A,24000425
S,30,4,26,30,4,26,4,350,16,4,0,0,2,0,163,269,0,0,18,31,18,33,2,0,2,0,57,0,0,0,0,0,1,2,1,1,0,123,A,24000425
S,1,5,26,1,5,26,4,533,16,4,0,0,2,0,183,462,0,0,2,46,2,46,2,0,2,0,49,0,0,0,0,0,1,2,1,1,0,196,A,24000425
S,1,5,26,1,5,26,4,708,16,4,0,0,102,0,215,530,0,0,2,47,3,40,2,0,2,0,50,0,7,12,2,0,1,2,1,1,5,123,A,24000425
S,1,5,26,1,5,26,4,819,16,4,0,0,182,0,228,690,0,0,3,43,6,2,2,0,2,0,25,0,14,21,6,0,1,2,1,1,13,129,A,24000425

S,1,5,26,1,5,26,4,609,16,4,0,0,214,0,165,580,0,0,6,8,9,9,2,0,2,0,49,0,36,55,9,0,1,2,1,1,18,127,A,24000425

S,8,6,26,8,6,26,4,533,16,4,0,0,2,0,183,462,0,0,22,3,22,3,2,0,2,0,49,0,0,0,0,0,1,2,1,1,0,196,A,24000425
S,8,6,26,8,6,26,4,493,16,4,0,0,2,0,169,753,0,0,22,5,22,6,2,0,2,0,68,0,0,0,0,0,1,2,1,1,0,121,A,24000425
S,8,6,26,8,6,26,4,374,16,4,0,0,2,0,208,438,0,0,22,6,22,7,0,0,2,0,26,0,0,0,0,0,1,2,1,1,0,123,A,24000425
S,8,6,26,8,6,26,4,504,16,4,0,0,2,0,174,486,0,0,22,9,22,10,0,0,2,0,55,0,0,0,0,0,1,2,1,1,0,121,A,24000425
S,8,6,26,8,6,26,4,509,12,4,0,0,2,0,135,827,0,0,22,11,22,12,0,0,2,0,22,0,0,0,0,0,1,2,1,1,0,14,A,24000425
S,8,6,26,8,6,26,4,573,12,4,0,0,2,0,179,219,0,0,22,17,22,17,0,0,2,0,30,0,0,0,0,0,1,2,1,1,0,122,A,24000425
S,8,6,26,8,6,26,4,777,12,4,0,0,2,0,223,573,0,0,22,18,22,18,0,0,2,0,49,0,0,0,0,0,1,2,1,1,0,121,A,24000425
S,9,6,26,9,6,26,4,756,12,4,0,0,22,0,132,588,0,0,5,5,8,11,0,0,2,0,59,0,1,2,9,0,1,2,1,1,18,125,A,24000425
S,16,6,26,16,6,26,4,478,12,4,0,0,2,0,149,394,0,0,11,10,11,13,0,0,2,0,66,0,0,0,0,0,1,2,1,1,0,127,A,24000425
S,8,8,26,8,8,26,4,310,12,4,0,0,2,0,200,858,0,0,14,24,14,25,0,0,2,0,41,0,0,0,0,0,1,2,1,1,0,4,A,24000425

S,9,8,26,9,8,26,4,533,12,4,0,0,2,0,183,462,0,0,15,29,15,29,0,0,2,0,49,0,0,0,0,0,1,2,1,1,0,196,A,24000425
S,10,8,26,10,8,26,4,533,12,4,0,0,2,0,183,462,0,0,13,14,13,14,0,0,2,0,49,0,0,0,0,0,1,2,1,1,0,196,A,24000425
S,10,8,26,10,8,26,4,533,12,4,0,0,2,0,183,462,0,0,13,19,13,19,0,0,2,0,49,0,0,0,0,0,1,2,1,1,0,196,A,24000425
S,11,8,26,11,8,26,4,533,12,4,0,0,2,0,183,462,0,0,11,41,11,41,0,0,2,0,49,0,0,0,0,0,1,2,1,1,0,196,A,24000425
S,11,8,26,11,8,26,4,552,12,4,0,0,2,0,185,983,0,0,11,43,11,43,0,0,2,0,58,0,0,0,0,0,1,2,1,1,0,6,A,24000425

S,11,8,26,11,8,26,4,352,12,4,0,0,2,0,216,656,0,0,11,44,11,44,0,0,2,0,39,0,0,0,0,0,1,2,1,1,0,4,A,24000425

S,11,8,26,11,8,26,4,533,12,4,0,0,2,0,183,462,0,0,11,44,11,44,0,0,2,0,49,0,0,0,0,0,1,2,1,1,0,196,A,24000425
S,11,8,26,11,8,26,4,533,12,4,0,0,2,0,183,462,0,0,11,45,11,45,0,0,2,0,49,0,0,0,0,0,1,2,1,1,0,196,A,24000425
S,11,8,26,11,8,26,3,364,16,0,0,0,2,0,169,351,0,0,11,45,11,45,0,0,2,0,47,0,0,0,0,0,1,2,1,1,0,5,A,24000425
S,11,8,26,11,8,26,3,533,16,0,0,0,2,0,183,462,0,0,11,46,11,46,0,0,2,0,49,0,0,0,0,0,1,2,1,1,0,196,A,24000425
S,11,8,26,11,8,26,3,533,16,0,0,0,2,0,183,462,0,0,11,46,11,46,0,0,2,0,49,0,0,0,0,0,1,2,1,1,0,196,A,24000425
S,11,8,26,11,8,26,4,300,12,4,0,0,2,0,228,352,0,0,11,46,11,46,0,0,2,0,26,0,0,0,0,0,1,2,1,1,0,5,A,24000425
S,11,8,26,11,8,26,4,533,12,4,0,0,2,0,183,462,0,0,11,47,11,47,0,0,2,0,49,0,0,0,0,0,1,2,1,1,0,196,A,24000425
S,11,8,26,11,8,26,4,533,12,4,0,0,2,0,183,462,0,0,11,47,11,47,0,0,2,0,49,0,0,0,0,0,1,2,1,1,0,196,A,24000425
S,11,8,26,11,8,26,4,584,12,4,0,0,2,0,194,666,0,0,14,45,14,50,0,0,2,0,26,0,0,0,0,0,1,2,1,1,0,128,A,24000425
S,11,8,26,11,8,26,4,725,12,4,0,0,2,0,176,647,0,0,14,50,16,20,0,0,2,0,62,0,0,0,4,0,1,2,1,1,8,125,A,24000425
S,11,8,26,11,8,26,4,440,12,4,0,0,2,0,186,343,0,0,16,21,16,27,0,0,2,0,53,0,0,0,0,0,1,2,1,1,0,129,A,24000425
S,11,8,26,11,8,26,4,209,12,4,0,0,2,0,121,714,0,0,16,30,17,9,0,0,2,0,62,0,0,0,1,0,1,2,1,1,3,126,A,24000425

S,11,8,26,11,8,26,4,346,12,4,0,0,2,0,196,356,0,0,17,9,18,46,0,0,2,0,46,0,0,0,4,0,1,2,1,1,9,120,A,24000425
S,12,8,26,12,8,26,4,984,12,4,0,0,2,0,186,979,0,0,10,25,10,27,0,0,2,0,43,0,0,0,0,0,1,2,1,1,0,124,A,24000425
S,12,8,26,12,8,26,4,926,12,4,0,0,2,0,202,703,0,0,10,28,10,31,0,0,2,0,39,0,0,0,0,0,1,2,1,1,0,121,A,24000425
S,12,8,26,12,8,26,4,742,12,4,0,0,2,0,145,860,0,0,10,31,10,32,0,0,2,0,67,0,0,0,0,0,1,2,1,1,0,126,A,24000425
S,12,8,26,12,8,26,4,441,12,4,0,0,2,0,218,604,0,0,10,32,10,43,0,0,2,0,39,0,0,0,0,0,1,2,1,1,1,129,A,24000425
S,12,8,26,12,8,26,4,756,12,4,0,0,2,0,146,555,0,0,10,43,10,57,0,0,2,0,50,0,0,0,0,0,1,2,1,1,1,128,A,24000425
S,12,8,26,12,8,26,4,259,12,4,0,0,2,0,131,926,0,0,11,37,13,11,0,0,2,0,35,0,0,0,4,0,1,2,1,1,9,123,A,24000425
S,15,8,26,15,8,26,4,860,12,4,0,0,2,0,169,719,0,0,11,59,17,5,0,0,2,0,45,0,0,0,15,0,1,2,1,1,30,127,A,24000425

S,16,8,26,16,8,26,4,341,12,4,0,0,2,0,226,256,0,0,10,44,11,21,0,0,2,0,43,0,0,0,1,0,1,2,1,1,3,123,A,24000425
S,16,8,26,16,8,26,4,944,12,4,0,0,7,0,230,462,0,0,11,22,11,22,0,0,2,0,54,0,0,0,0,0,1,2,1,1,0,120,A,24000425
S,16,8,26,16,8,26,4,597,20,16,0,0,2,0,225,638,0,0,11,24,11,24,0,0,2,0,51,0,0,0,0,0,1,2,1,1,0,6,A,24000425
S,16,8,26,16,8,26,4,618,20,20,0,0,2,0,207,751,0,0,11,25,11,25,0,0,2,0,57,0,0,0,0,0,1,2,1,1,0,5,A,24000425
S,19,8,26,19,8,26,3,547,4,0,0,0,2,0,178,888,0,0,11,51,18,47,0,0,2,0,40,0,0,0,20,0,2,1,1,1,41,123,A,24000425
S,21,8,26,21,8,26,3,574,4,0,0,0,2,0,225,941,0,0,10,55,18,47,0,0,2,0,32,0,0,0,23,0,2,1,1,1,47,120,A,24000425
S,22,8,26,22,8,26,3,778,4,0,0,0,2,0,193,788,0,0,10,28,18,47,0,0,2,0,53,0,0,0,24,0,2,1,1,1,49,122,A,24000425
S,23,8,26,23,8,26,3,358,4,0,0,0,2,0,225,343,0,0,10,23,17,5,0,0,2,0,50,0,0,0,20,0,2,1,1,1,40,125,A,24000425

S,23,8,26,23,8,26,3,333,4,0,0,0,2,0,129,950,0,0,17,6,18,47,0,0,2,0,28,0,0,0,5,0,2,1,1,1,10,124,A,24000425
S,24,8,26,24,8,26,3,980,4,0,0,0,2,0,193,258,0,0,10,21,11,46,0,0,2,0,49,0,0,0,4,0,2,1,1,1,8,128,A,24000425
S,24,8,26,24,8,26,4,743,20,4,0,0,2,0,145,975,0,0,11,47,18,46,0,0,2,0,51,0,0,0,20,0,2,1,1,1,41,126,A,24000425
S,25,8,26,25,8,26,4,532,20,4,0,0,2,0,231,579,0,0,10,20,11,39,0,0,2,0,58,0,0,0,3,0,2,1,1,1,7,122,A,24000425
S,25,8,26,25,8,26,4,636,20,4,0,0,2,0,197,499,0,0,13,4,13,6,0,0,2,0,55,0,0,0,0,0,2,1,1,1,0,6,A,24000425

S,28,8,26,28,8,26,4,570,20,4,0,0,2,0,205,791,0,0,18,4,18,6,0,0,2,0,60,0,0,0,0,0,2,1,1,1,0,120,A,24000425
S,28,8,26,28,8,26,3,453,4,0,0,0,2,0,125,274,0,0,18,7,18,8,0,0,2,0,33,0,0,0,0,0,2,1,1,1,0,8,A,24000425

S,1,9,26,1,9,26,3,930,4,0,0,0,2,0,160,516,0,0,12,31,12,32,0,0,2,0,31,0,0,0,0,0,2,1,1,1,0,129,A,24000425
S,1,9,26,1,9,26,3,847,4,0,0,0,2,0,187,435,0,0,12,33,12,33,0,0,2,0,28,0,0,0,0,0,2,1,1,1,0,125,A,24000425
S,1,9,26,1,9,26,3,343,4,0,0,0,2,0,151,841,0,0,12,33,12,50,0,0,2,0,44,0,0,0,0,0,2,1,1,1,1,129,A,24000425
S,1,9,26,1,9,26,4,429,20,4,0,0,7,0,157,489,0,0,12,51,12,53,0,0,2,0,62,0,0,0,0,0,1,1,1,1,0,126,A,24000425
S,1,9,26,1,9,26,4,337,20,4,0,0,2,0,179,481,0,0,13,9,13,19,0,0,2,0,26,0,0,0,0,0,1,1,1,1,1,125,A,24000425
S,1,9,26,1,9,26,4,533,20,4,0,0,2,0,183,462,0,0,13,20,13,20,0,0,2,0,49,0,0,0,0,0,1,1,1,1,0,196,A,24000425
S,1,9,26,1,9,26,3,312,4,0,0,0,2,0,189,871,0,0,13,20,13,25,0,0,2,0,38,0,0,0,0,0,2,1,1,1,0,7,A,24000425

S,1,9,26,1,9,26,3,245,16,0,0,0,2,0,225,771,0,0,13,25,13,26,0,0,2,0,21,0,0,0,0,0,2,1,1,1,0,6,A,24000425

S,1,9,26,1,9,26,3,533,16,0,0,0,2,0,183,462,0,0,13,28,13,28,0,0,2,0,49,0,0,0,0,0,2,1,1,1,0,196,A,24000425
S,1,9,26,1,9,26,4,209,20,4,0,0,2,0,127,468,0,0,13,28,13,28,0,0,2,0,23,0,0,0,0,0,2,1,1,1,0,12,A,24000425

S,1,9,26,1,9,26,3,596,20,0,0,0,2,0,222,385,0,0,13,28,13,28,0,0,2,0,30,0,0,0,0,0,2,1,1,1,0,120,A,24000425
S,1,9,26,1,9,26,3,533,20,0,0,0,2,0,183,462,0,0,13,31,13,31,0,0,2,0,49,0,0,0,0,0,2,1,1,1,0,196,A,24000425
S,1,9,26,1,9,26,3,509,20,0,0,0,2,0,191,422,0,0,13,31,13,32,0,0,2,0,37,0,0,0,0,0,2,1,1,1,0,121,A,24000425
S,1,9,26,1,9,26,3,917,20,0,0,0,2,0,204,943,0,0,13,35,13,36,0,0,2,0,65,0,0,0,0,0,2,1,1,1,0,122,A,24000425
S,1,9,26,1,9,26,3,552,20,0,0,0,2,0,185,983,0,0,13,37,13,38,0,0,2,0,58,0,0,0,0,0,2,1,1,1,0,124,A,24000425
S,1,9,26,1,9,26,3,480,20,0,0,0,2,0,126,293,0,0,14,45,14,50,0,0,2,0,35,0,0,0,0,0,2,1,1,1,0,129,A,24000425
S,1,9,26,1,9,26,3,212,20,0,0,0,2,0,182,892,0,0,14,52,14,53,0,0,2,0,43,0,0,0,0,0,2,1,1,1,0,121,A,24000425
S,1,9,26,1,9,26,3,426,16,0,0,0,2,0,176,659,0,0,14,53,14,53,0,0,2,0,33,0,0,0,0,0,2,1,1,1,0,15,A,24000425
S,1,9,26,1,9,26,3,813,4,0,0,0,2,0,233,482,0,0,14,53,14,57,0,0,2,0,53,0,0,0,0,0,2,1,1,1,0,10,A,24000425

S,1,9,26,1,9,26,4,307,20,4,0,0,2,0,226,641,0,0,14,58,14,58,0,0,2,0,34,0,0,0,0,0,2,1,1,1,0,6,A,24000425

S,1,9,26,1,9,26,4,210,20,4,0,0,2,0,207,617,0,0,16,12,16,13,0,0,2,0,25,0,0,0,0,0,2,1,1,1,0,10,A,24000425

S,1,9,26,1,9,26,3,327,20,0,0,0,2,0,196,934,0,0,16,14,16,19,0,0,2,0,20,0,0,0,0,0,2,1,1,1,0,125,A,24000425
S,1,9,26,1,9,26,4,460,20,4,0,0,2,0,195,585,0,0,16,19,16,19,0,0,2,0,39,0,0,0,0,0,2,1,1,1,0,4,A,24000425

S,1,9,26,1,9,26,3,431,20,0,0,0,2,0,198,493,0,0,16,19,16,20,0,0,2,0,49,0,0,0,0,0,2,1,1,1,0,9,A,24000425
S,1,9,26,1,9,26,4,568,20,4,0,0,2,0,216,958,0,0,16,20,16,20,0,0,2,0,57,0,0,0,0,0,2,1,1,1,0,120,A,24000425
S,1,9,26,1,9,26,4,388,20,4,0,0,2,0,151,226,0,0,16,23,18,18,0,0,2,0,37,0,0,0,5,0,2,1,1,1,11,120,A,24000425
S,1,9,26,1,9,26,4,844,20,4,0,0,2,0,197,468,0,0,18,19,18,49,0,0,2,0,59,0,0,0,1,0,2,1,1,1,2,126,A,24000425

S,2,9,26,2,9,26,4,834,20,4,0,0,7,0,135,808,0,0,10,16,14,37,0,0,2,0,27,0,0,0,13,0,2,1,1,1,26,123,A,24000425
S,2,9,26,2,9,26,4,981,20,4,0,0,2,0,219,410,0,0,14,37,17,40,0,0,2,0,59,0,0,0,9,0,2,1,1,1,18,128,A,24000425
S,2,9,26,5,9,26,4,614,20,4,0,0,2,0,223,287,0,0,17,40,14,38,0,0,2,0,59,0,0,0,206,0,2,1,1,1,157,120,A,24000425
S,5,9,26,5,9,26,4,533,20,4,0,0,2,0,183,462,0,0,14,39,14,39,0,0,2,0,49,0,0,0,0,0,2,1,1,1,0,196,A,24000425
S,5,9,26,5,9,26,4,250,20,4,0,0,2,0,123,378,0,0,14,39,17,23,0,0,2,0,21,0,0,0,8,0,2,1,1,1,16,129,A,24000425
S,5,9,26,5,9,26,4,469,20,4,0,0,2,0,135,287,0,0,17,24,17,27,0,0,2,0,46,0,0,0,0,0,2,1,1,1,0,125,A,24000425
S,5,9,26,5,9,26,4,844,20,4,0,0,2,0,187,851,0,0,17,27,18,29,0,0,2,0,67,0,0,0,3,0,2,1,1,1,6,120,A,24000425
S,5,9,26,5,9,26,3,714,20,0,0,0,2,0,178,511,0,0,18,29,18,29,0,0,2,0,67,0,0,0,0,0,2,1,1,1,0,30,A,24000425

S,5,9,26,5,9,26,4,703,20,4,0,0,2,0,223,311,0,0,18,30,21,36,0,0,2,0,35,0,0,0,9,0,2,1,1,1,18,121,A,24000425
S,5,9,26,5,9,26,4,553,20,4,0,0,2,0,180,614,0,0,21,36,21,38,0,0,2,0,40,0,0,0,0,0,2,1,1,1,0,127,A,24000425
S,5,9,26,5,9,26,4,567,20,4,0,0,2,0,219,470,0,0,21,38,22,25,0,0,2,0,39,0,0,0,2,0,2,1,1,1,4,125,A,24000425
S,5,9,26,5,9,26,4,533,20,4,0,0,2,0,183,462,0,0,22,26,22,26,0,0,2,0,49,0,0,0,0,0,2,1,1,1,0,196,A,24000425
S,5,9,26,6,9,26,4,557,20,4,0,0,2,0,128,406,0,0,22,28,9,36,0,0,2,0,43,0,0,0,33,0,2,1,1,1,66,125,A,24000425
S,6,9,26,6,9,26,4,287,20,4,0,0,2,0,189,898,0,0,9,39,10,44,0,0,2,0,25,0,0,0,3,0,2,1,1,1,6,127,A,24000425
S,6,9,26,6,9,26,4,228,20,4,0,0,2,0,237,971,0,0,10,45,11,13,0,0,2,0,58,0,0,0,1,0,2,1,1,1,2,122,A,24000425
S,6,9,26,6,9,26,4,820,20,4,0,0,2,0,121,813,0,0,11,14,18,47,0,0,2,0,34,0,0,0,22,0,2,1,1,1,45,121,A,24000425
S,7,9,26,7,9,26,4,568,20,4,0,0,2,0,185,511,0,0,11,2,16,13,0,0,2,0,63,0,0,0,15,0,2,1,1,1,31,120,A,24000425
S,7,9,26,7,9,26,4,696,20,4,0,0,2,0,218,775,0,0,16,13,16,17,0,0,2,0,48,0,0,0,0,0,2,1,1,1,0,125,A,24000425
S,7,9,26,7,9,26,4,621,20,4,0,0,2,0,228,359,0,0,16,17,18,49,0,0,2,0,54,0,0,0,7,0,2,1,1,1,15,123,A,24000425
S,8,9,26,8,9,26,4,555,20,4,0,0,2,0,239,762,0,0,10,25,12,58,0,0,2,0,25,0,0,0,7,0,2,1,1,1,15,126,A,24000425
S,8,9,26,8,9,26,4,533,20,4,0,0,2,0,183,462,0,0,13,5,13,5,0,0,2,0,49,0,0,0,0,0,2,1,1,1,0,196,A,24000425
S,8,9,26,8,9,26,4,670,20,4,0,0,2,0,132,285,0,0,13,7,13,10,0,0,2,0,26,0,0,0,0,0,2,1,1,1,0,129,A,24000425
S,8,9,26,8,9,26,4,580,20,4,0,0,6,0,146,966,0,0,13,10,13,14,0,0,2,0,44,0,0,0,0,0,2,1,1,1,0,120,A,24000425
S,8,9,26,9,9,26,4,890,20,4,0,0,2,0,156,658,0,0,13,15,10,26,0,0,2,0,31,0,0,0,63,0,2,1,1,1,127,128,A,24000425
S,9,9,26,9,9,26,4,503,20,4,0,0,2,0,237,573,0,0,10,27,11,2,0,0,2,0,34,0,0,0,1,0,2,1,1,1,3,127,A,24000425

S,11,9,26,11,9,26,4,785,20,4,0,0,2,0,209,362,0,0,10,24,18,10,0,0,2,0,65,0,0,0,23,0,2,1,1,1,46,122,A,24000425
S,11,9,26,11,9,26,4,213,20,4,0,0,2,0,164,763,0,0,18,11,18,47,0,0,2,0,34,0,0,0,1,0,2,1,1,1,3,123,A,24000425
S,11,9,26,11,9,26,4,934,20,4,0,0,2,0,134,428,0,0,18,47,21,25,0,0,2,0,30,0,0,0,7,0,2,1,1,1,15,125,A,24000425
S,11,9,26,12,9,26,4,223,20,4,0,0,2,0,147,981,0,0,21,36,10,51,0,0,2,0,32,0,0,0,39,0,2,1,1,1,79,121,A,24000425
S,12,9,26,12,9,26,4,394,20,4,0,0,2,0,198,816,0,0,11,5,13,27,0,0,2,0,43,0,0,0,7,0,2,1,1,1,14,120,A,24000425
S,12,9,26,12,9,26,4,724,20,4,0,0,2,0,194,757,0,0,13,27,14,23,0,0,2,0,28,0,0,0,2,0,2,1,1,1,5,129,A,24000425
S,12,9,26,12,9,26,4,627,20,4,0,0,2,0,228,310,0,0,14,23,14,46,0,0,2,0,22,0,0,0,1,0,2,1,1,1,2,129,A,24000425
S,12,9,26,12,9,26,4,770,20,4,0,0,2,0,127,818,0,0,14,47,16,49,0,0,2,0,52,0,0,0,6,0,2,1,1,1,12,120,A,24000425
S,12,9,26,12,9,26,4,590,20,4,0,0,2,0,227,694,0,0,17,17,19,24,0,0,2,0,60,0,0,0,6,0,2,1,1,1,12,128,A,24000425
S,12,9,26,13,9,26,4,761,20,4,0,0,2,0,165,855,0,0,19,24,10,30,0,0,2,0,21,0,0,0,45,0,2,1,1,1,90,120,A,24000425
S,13,9,26,13,9,26,4,751,20,4,0,0,2,0,234,488,0,0,10,30,10,53,0,0,2,0,32,0,0,0,1,0,2,1,1,1,2,120,A,24000425
S,13,9,26,13,9,26,4,390,20,4,0,0,2,0,144,734,0,0,10,53,10,57,0,0,2,0,45,0,0,0,0,0,2,1,1,1,0,6,A,24000425

S,13,9,26,14,9,26,4,914,20,4,0,0,2,0,120,851,0,0,10,58,13,23,0,0,2,0,40,0,0,0,79,0,2,1,1,1,158,126,A,24000425
S,14,9,26,15,9,26,4,815,20,4,0,0,2,0,209,233,0,0,13,24,13,13,0,0,2,0,31,0,0,0,71,0,2,1,1,1,142,126,A,24000425
S,15,9,26,15,9,26,4,505,20,4,0,0,2,0,150,800,0,0,14,51,14,51,0,0,2,0,66,0,0,0,0,0,2,1,1,1,0,120,A,24000425
S,15,9,26,15,9,26,4,495,20,4,0,0,2,0,129,657,0,0,14,51,18,9,0,0,2,0,44,0,0,0,9,0,2,1,1,1,19,126,A,24000425

S,15,9,26,15,9,26,4,361,20,4,0,0,2,0,160,436,0,0,18,28,18,46,0,0,2,0,26,0,0,0,0,0,2,1,1,1,1,128,A,24000425
S,16,9,26,16,9,26,4,896,20,4,0,0,2,0,190,593,0,0,10,31,11,15,0,0,2,0,40,0,0,0,2,0,2,1,1,1,4,122,A,24000425
S,16,9,26,16,9,26,4,284,20,4,0,0,2,0,223,323,0,0,11,15,13,16,0,0,2,0,67,0,0,0,6,0,2,1,1,1,12,121,A,24000425
S,16,9,26,16,9,26,4,578,20,4,0,0,2,0,134,877,0,0,13,17,13,24,0,0,2,0,55,0,0,0,0,0,2,1,1,1,0,121,A,24000425
S,16,9,26,16,9,26,4,924,20,4,0,0,2,0,131,558,0,0,13,24,13,25,0,0,2,0,56,0,0,0,0,0,2,1,1,1,0,127,A,24000425
S,16,9,26,16,9,26,4,533,20,4,0,0,2,0,183,462,0,0,13,25,13,25,0,0,2,0,49,0,0,0,0,0,2,1,1,1,0,196,A,24000425
S,16,9,26,16,9,26,4,486,20,4,0,0,2,0,180,991,0,0,13,25,13,33,0,0,2,0,48,0,0,0,0,0,2,1,1,1,0,126,A,24000425
S,16,9,26,16,9,26,4,533,20,4,0,0,2,0,182,355,0,0,23,45,4,23,5,1,2,0,47,0,0,0,13,0,1,3,1,1,27,121,A,24000425
S,16,9,26,16,9,26,4,533,20,4,0,0,2,0,183,462,0,0,13,39,13,39,0,0,2,0,49,0,0,0,0,0,2,1,1,1,0,196,A,24000425
S,16,9,26,16,9,26,4,481,20,4,0,0,2,0,214,534,0,0,13,40,13,42,0,0,2,0,56,0,0,0,0,0,2,1,1,1,0,127,A,24000425
S,16,9,26,16,9,26,4,410,20,4,0,0,2,0,225,310,0,0,13,42,13,42,0,0,2,0,20,0,0,0,0,0,2,1,1,1,0,122,A,24000425
S,16,9,26,16,9,26,4,533,20,4,0,0,2,0,183,462,0,0,13,43,13,43,0,0,2,0,49,0,0,0,0,0,2,1,1,1,0,196,A,24000425
S,16,9,26,16,9,26,4,533,20,4,0,0,2,0,183,462,0,0,13,43,13,43,0,0,2,0,49,0,0,0,0,0,2,1,1,1,0,196,A,24000425
S,16,9,26,16,9,26,4,460,20,4,0,0,2,0,195,585,0,0,13,43,13,46,0,0,2,0,39,0,0,0,0,0,2,1,1,1,0,120,A,24000425
S,16,9,26,16,9,26,4,533,20,4,0,0,2,0,183,462,0,0,13,46,13,46,0,0,2,0,49,0,0,0,0,0,2,1,1,1,0,196,A,24000425
S,16,9,26,16,9,26,4,533,20,4,0,0,2,0,183,462,0,0,13,46,13,46,0,0,2,0,49,0,0,0,0,0,2,1,1,1,0,196,A,24000425
S,16,9,26,16,9,26,4,455,20,4,0,0,2,0,180,984,0,0,13,46,23,38,0,0,2,0,39,0,0,0,29,0,2,1,1,1,59,121,A,24000425
S,17,9,26,17,9,26,4,602,20,4,0,0,2,0,169,983,0,0,13,24,15,28,0,0,2,0,68,0,0,0,6,0,2,1,1,1,12,129,A,24000425
S,17,9,26,17,9,26,4,376,20,4,0,0,2,0,186,807,0,0,15,55,18,56,0,0,2,0,20,0,0,0,9,0,2,1,1,1,18,121,A,24000425
S,17,9,26,17,9,26,4,980,20,4,0,0,2,0,120,439,0,0,19,3,19,19,0,0,2,0,49,0,0,0,0,0,2,1,1,1,1,125,A,24000425
S,17,9,26,17,9,26,4,204,20,4,0,0,2,0,238,309,0,0,19,19,21,27,0,0,2,0,53,0,0,0,6,0,2,1,1,1,12,127,A,24000425
S,18,9,26,18,9,26,4,825,20,4,0,0,2,0,158,637,0,0,10,19,11,50,0,0,2,0,66,0,0,0,4,0,2,1,1,1,9,121,A,24000425
S,18,9,26,18,9,26,4,461,20,4,0,0,2,0,238,500,0,0,11,50,15,4,0,0,2,0,51,0,0,0,9,0,2,1,1,1,19,129,A,24000425

S,18,9,26,18,9,26,4,352,20,4,0,0,2,0,216,656,0,0,17,39,17,39,0,0,2,0,39,0,0,0,0,0,2,1,1,1,0,5,A,24000425

S,18,9,26,18,9,26,4,533,20,4,0,0,2,0,183,462,0,0,17,39,17,39,0,0,2,0,49,0,0,0,0,0,2,1,1,1,0,196,A,24000425
S,18,9,26,18,9,26,3,455,20,0,0,0,2,0,130,295,0,0,17,40,17,40,0,0,2,0,65,0,0,0,0,0,2,1,1,1,0,123,A,24000425
S,18,9,26,18,9,26,3,533,20,0,0,0,2,0,183,462,0,0,17,40,17,40,0,0,2,0,49,0,0,0,0,0,2,1,1,1,0,196,A,24000425
S,18,9,26,18,9,26,4,352,20,4,0,0,2,0,216,656,0,0,17,41,17,41,0,0,2,0,39,0,0,0,0,0,2,1,1,1,0,26,A,24000425
S,18,9,26,18,9,26,4,533,20,4,0,0,2,0,183,462,0,0,17,41,17,41,0,0,2,0,49,0,0,0,0,0,2,1,1,1,0,196,A,24000425
S,18,9,26,18,9,26,4,533,20,4,0,0,2,0,183,462,0,0,17,41,17,41,0,0,2,0,49,0,0,0,0,0,2,1,1,1,0,196,A,24000425
S,18,9,26,19,9,26,4,524,20,4,0,0,2,0,207,533,0,0,18,27,11,50,0,0,2,0,56,0,0,0,52,0,2,1,1,1,104,128,A,24000425
S,19,9,26,19,9,26,4,959,20,4,0,0,22,0,121,414,0,0,11,50,11,56,5,0,2,0,52,0,1,2,0,0,1,1,1,1,0,124,A,24000425

S,19,9,26,19,9,26,4,698,20,4,0,0,2,0,188,257,0,0,11,57,11,59,5,0,2,0,23,0,0,0,0,0,1,1,1,1,0,122,A,24000425
S,19,9,26,19,9,26,4,758,20,4,0,0,7,0,229,391,0,0,11,59,12,10,5,0,2,0,35,0,0,0,0,0,1,1,1,1,1,122,A,24000425
S,19,9,26,19,9,26,4,987,20,4,0,0,2,0,198,980,0,0,12,10,14,31,5,0,2,0,64,0,0,0,7,0,1,1,1,1,14,121,A,24000425
